1
1
13
30
48
71
95
124
154
189
225
266
308
355
403
456
510
569
629
694
760
831
903
980
1058
1141
1225
1314
1404
1499
1595
1696
1798
1905
2013
2126
2240
2359
2479
2604
2730
2861
2993
3130
3268
3411
3555
3704
3854
4009
4165
4326
4488
4655
4823
4996
5170
5349
5529
5714
5900
6091
6283
6480
6678
6881
7085
7294
7504
7719
7935
8156
8378
8605
8833
9066
9300
9539
9779
10024
10270
10521
10773
11030
11288
11551
11815
12084
12354
12629
12905
13186
13468
13755
14043
14336
14630
14929
15229
15534
15840
16151
16463
16780
17098
17421
17745
18074
18404
18739
19075
19416
19758
20105
20453
20806
21160
21519
21879
22244
22610
22981
23353
23730
24108
24491
24875
25264
25654
26049
26445
26846
27248
27655
28063
28476
28890
29309
29729
30154
30580
31011
31443
31880
32318
32761
33205
33654
34104
34559
35015
35476
35938
36405
36873
37346
37820
38299
38779
39264
39750
40241
40733
41230
41728
42231
42735
43244
43754
44269
44785
45306
45828
46355
46883
47416
47950
48489
49029
49574
50120
50671
51223
51780
52338
52901
53465
54034
54604
55179
55755
56336
56918
57505
58093
58686
59280
59879
60479
61084
61690
62301
62913
63530
64148
64771
65395
66024
66654
67289
67925
68566
69208
69855
70503
71156
71810
72469
73129
73794
74460
75131
75803
76480
77158
77841
78525
79214
79904
80599
81295
81996
82698
83405
84113
84826
85540
86259
86979
87704
88430
89161
89893
90630
91368
92111
92855
93604
94354
95109
95865
96626
97388
98155
98923
99696
100470
101249
102029
102814
103600
104391
105183
105980
106778
107581
108385
109194
110004
110819
111635
112456
113278
114105
114933
115766
116600
117439
118279
119124
119970
120821
121673
122530
123388
124251
125115
125984
126854
127729
128605
129486
130368
131255
132143
133036
133930
134829
135729
136634
137540
138451
139363
140280
141198
142121
143045
143974
144904
145839
146775
147716
148658
149605
150553
151506
152460
153419
154379
155344
156310
157281
158253
159230
160208
161191
162175
163164
164154
165149
166145
167146
168148
169155
170163
171176
172190
173209
174229
175254
176280
177311
178343
179380
180418
181461
182505
183554
184604
185659
186715
187776
188838
189905
190973
192046
193120
194199
195279
196364
197450
198541
199633
200730
201828
202931
204035
205144
206254
207369
208485
209606
210728
211855
212983
214116
215250
216389
217529
218674
219820
220971
222123
223280
224438
225601
226765
227934
229104
230279
231455
232636
233818
235005
236193
237386
238580
239779
240979
242184
243390
244601
245813
247030
248248
249471
250695
251924
253154
254389
255625
256866
258108
259355
260603
261856
263110
264369
265629
266894
268160
269431
270703
271980
273258
274541
275825
277114
278404
279699
280995
282296
283598
284905
286213
287526
288840
290159
291479
292804
294130
295461
296793
298130
299468
300811
302155
303504
304854
306209
307565
308926
310288
311655
313023
314396
315770
317149
318529
319914
321300
322691
324083
325480
326878
328281
329685
331094
332504
333919
335335
336756
338178
339605
341033
342466
343900
345339
346779
348224
349670
351121
352573
354030
355488
356951
358415
359884
361354
362829
364305
365786
367268
368755
370243
371736
373230
374729
376229
377734
379240
