
		Symbol     Probability     Frequency 
		#          0.0009          1         
		i          0.0359          36        
		n          0.0479          48        
		c          0.0239          24        
		l          0.0069          7         
		u          0.0319          32        
		d          0.0299          30        
		e          0.0479          48        
		           0.2497          250       
		"          0.0079          8         
		L          0.0069          7         
		b          0.0149          15        
		r          0.0549          55        
		a          0.0389          39        
		y          0.0029          3         
		.          0.0109          11        
		h          0.0099          10        
		
          0.0339          34        
		v          0.0019          2         
		o          0.0389          39        
		*          0.0139          14        
		P          0.0029          3         
		Z          0.0019          2         
		(          0.0149          15        
		g          0.0099          10        
		m          0.0099          10        
		t          0.0429          43        
		)          0.0149          15        
		{          0.0049          5         
		s          0.0219          22        
		f          0.0199          20        
		;          0.0199          20        
		_          0.0049          5         
		[          0.0039          4         
		2          0.0009          1         
		0          0.0039          4         
		]          0.0039          4         
		T          0.0059          6         
		N          0.0069          7         
		=          0.0079          8         
		1          0.0059          6         
		p          0.0049          5         
		,          0.0089          9         
		C          0.0079          8         
		<          0.0019          2         
		+          0.0039          4         
		W          0.0019          2         
		&          0.0039          4         
		k          0.0029          3         
		-          0.0009          1         
		/          0.0119          12        
		\          0.0049          5         
		%          0.0029          3         
		S          0.0029          3         
		}          0.0049          5         
		E          0.0039          4         
		>          0.0009          1         
		x          0.0009          1         
		U          0.0019          2         
		w          0.0009          1         
		:          0.0019          2         
		end        0.0009          1         
		