       OPERATION CODE        FUNCTION CODE                FLAGS                CLEAR                   LF            MICROCODE
                00000                 0000                 0000                    1                    0 00000100010000110011
                00000                 0000                 0000                    1                    0 00000100010000110011
                00000                 0000                 0001                    0                    1 00000100010000110011
                00000                 0000                 0010                    0                    1 00000100010000110011
                00000                 0001                 0001                    0                    1 00000100010001110011
                00000                 0010                 0100                    0                    1 00000100010000000011
                00000                 0011                 1100                    0                    1 00000100010000010011
                00000                 0100                 0011                    0                    1 00000100010000100011
                00000                 0101                 1000                    0                    1 00000100010011010011
                00000                 0110                 0001                    0                    1 00000100010011000011
                00000                 0111                 0100                    0                    1 00000100010010100011
                00000                 1000                 0010                    0                    1 00000100010011010011
                00000                 1001                 0000                    0                    0 00000001110000000000
                00000                 1010                 0000                    0                    0 00000001010000000000
                00000                 1011                 0000                    0                    0 00000000000000000000
                00000                 1100                 0000                    0                    0 00000000000000000000
                00001                 0111                 0000                    0                    0 00000000010000000000
                00010                 0100                 0000                    0                    0 00000100010000001000
                00011                 1000                 0000                    0                    0 00001000000000001100
                00100                 0110                 0000                    0                    0 00001010000100110101
                00101                 0000                 0010                    0                    1 00000100010100110011
                00110                 0110                 0001                    0                    1 00000100010101110011
                00111                 0100                 0011                    0                    1 00000100010100000011
                01000                 1010                 0100                    0                    1 00000100010100010011
                01001                 0100                 1000                    0                    1 00000100010100100011
                01010                 0001                 1100                    0                    1 00000100010111010011
                01011                 0011                 0101                    0                    1 00000100010100100011
                01100                 1111                 1010                    0                    1 00000100010110100011
                10111                 0000                 0000                    0                    1 00000110010100110001
                01101                 1111                 0000                    0                    1 00001000000001110001
                01101                 1011                 0010                    0                    1 00001000000001110001
                01101                 1101                 0010                    0                    1 00001000000001110001
                01110                 1110                 0010                    0                    1 00001000000001110001
                01110                 1100                 0000                    0                    1 00001000000001110001
                01110                 0011                 0000                    0                    1 00001000000001110001
                01111                 0001                 1100                    0                    1 00001000000001110001
                01111                 0000                 1000                    0                    1 00001000000001110001
                01111                 0010                 0100                    0                    1 00001000000001110001
                10000                 0100                 0000                    0                    1 00001000000001110001
                10000                 0110                 1110                    0                    1 00001000000001110001
                10000                 0101                 1000                    0                    1 00001000000001110001
                10001                 0111                 1010                    0                    1 00001000000001110001
                10001                 1010                 1100                    0                    1 00001000000001110001
                10001                 1000                 0000                    0                    1 00001000000001110001
                10010                 1111                 1000                    0                    1 10010000001100110011
                10010                 1001                 1010                    0                    1 10010000001100110011
                10010                 1101                 1100                    0                    1 10010000001100110011
                10011                 1001                 1100                    0                    0 00010000000000000000
                10100                 1111                 0000                    0                    0 01010000000000000000
                10101                 0000                 0000                    0                    0 00100000000000000000
                10110                 0000                 0000                    0                    0 00000000000000000000
                11000                 0000                 0000                    0                    0 00000000000000000000
